index
13
45.57365581242558 57.50995734757126 140.84104375334883
69.5796920297294 52.82481819018687 141.0881505578442
42.9750642631298 69.46939151247354 124.90265486339794
27.136030057898417 64.4143729479272 112.17665443188676
102.13062336913649 100.75405757920386 112.33478858380917
18.09446520807709 44.854930656616666 78.81251897066142
112.04114789641939 91.9253249692825 70.70693872941436
30.54471926758574 33.05203708668493 47.331695265833226
59.08302715105224 27.27920690800104 53.28531136385811
54.18799994550962 62.224675405175624 43.813512011495234
69.76286357818222 97.31262160941077 5.623806978046683
92.7837269722819 46.13308642259376 1.196673783465754
15.98441670206396 109.40391303377834 1.462930734011928
