index
13
48.312142729333516 62.128972378525305 143.6271584450448
72.47821577478578 58.30349710381677 143.3547129112165
45.30845003441851 73.8786464365586 127.14420364843278
29.607329129181096 67.86718529058805 114.47548632541691
103.47086312686304 106.80505862244257 114.20304079158859
21.415439961231243 47.10031951359895 81.50957673219281
114.25685053133043 97.37799455262513 71.29286921363166
34.24939965768607 35.214021338611815 51.13189971033759
62.64794877324579 30.705425479133908 56.85325592073184
56.64056338341578 64.99807883455668 45.682989033771605
71.52249537185816 99.56398042388719 7.540614297809839
95.55203693117801 49.28630538486095 3.4539312903853556
16.63683794659363 109.94741331238174 3.317708523471211
